GAOFEN 5-02             
1 49122U 21079A   21275.15082059  .00000029  00000-0  16545-4 0  9990
2 49122  98.2818 346.3530 0001686 158.9355 201.1922 14.57684642  3644
CZ-4C R/B               
1 49123U 21079B   21274.76528985  .00000423  00000-0  40047-4 0  9992
2 49123  98.3179 347.5191 0137485 341.9235  17.7120 14.93117451  3673
2021-079C               
1 49124U 21079C   21272.70469719  .00002623  00000-0  14257-3 0  9991
2 49124  98.4033 344.6074 0221823 232.2673 125.8261 14.96975531  3299
CHINASAT 9B             
1 49125U 21080A   21274.43868698 -.00000315  00000-0  00000-0 0  9990
2 49125   0.0499 263.0902 0004018 274.6315  92.0202  1.00271811   396
CZ-3B R/B               
1 49126U 21080B   21271.05107489  .00032205 -27827-7  20949-2 0  9992
2 49126  24.6386 156.0913 7211978 191.6724 132.0487  2.39915434   277
COSMOS 2551             
1 49127U 21082A   21275.11087570  .00374824  60501-4  76064-3 0  9992
2 49127  96.3453   2.6510 0010159 221.5053 138.5457 15.99445151  3553
SL-4 R/B                
1 49128U 21081B   21274.75634900  .00115882  67111-5  31207-3 0  9998
2 49128  96.3463   2.2948 0012682 188.9643 171.1411 15.94254823  3495
STARLINK-3096           
1 49131U 21082B   21275.25001157  .00049512  00000-0  41460-3 0  9998
2 49131  70.0002  75.9454 0003539 266.3659 234.7243 15.69718685  2946
STARLINK-3090           
1 49132U 21082C   21275.08334491 -.00020653  00000-0 -17125-3 0  9998
2 49132  70.0021  76.4228 0003375 276.8192   0.6915 15.69805433  2921
STARLINK-3077           
1 49133U 21082D   21274.91667824  .00066501  00000-0  55551-3 0  9994
2 49133  70.0006  76.8858 0003614 279.9973 140.3437 15.69701588  3136
STARLINK-3078           
1 49134U 21082E   21275.25001157  .00045980  00000-0  38528-3 0  9997
2 49134  70.0003  75.9327 0003431 269.9568 241.7653 15.69720862  4145
STARLINK-3073           
1 49135U 21082F   21275.25001157  .00065320  00000-0  54558-3 0  9999
2 49135  70.0003  75.9378 0003486 270.1567 237.3168 15.69709794  2944
STARLINK-3084           
1 49136U 21082G   21275.25001157 -.00012894  00000-0 -10638-3 0  9991
2 49136  70.0021  75.9470 0003497 269.8850 235.7186 15.69752275  2944
STARLINK-3055           
1 49137U 21082H   21275.25001157  .00077380  00000-0  64522-3 0  9992
2 49137  70.0003  75.9353 0003599 269.8748 239.7281 15.69702908  2942
STARLINK-3058           
1 49138U 21082J   21275.25001157  .00367867  00000-0  29773-2 0  9993
2 49138  70.0005  75.9281 0003574 270.7154 245.3563 15.69526237  2945
STARLINK-3057           
1 49139U 21082K   21274.91667824  .00057633  00000-0  48216-3 0  9996
2 49139  70.0008  76.8734 0003520 280.4781 150.4976 15.69702794  3148
STARLINK-3118           
1 49140U 21082L   21275.25001157  .00424122  00000-0  34136-2 0  9993
2 49140  70.0005  75.9232 0003344 268.8800 251.4606 15.69493923  2946
STARLINK-3093           
1 49141U 21082M   21275.25001157  .00083327  00000-0  69123-3 0  9997
2 49141  70.0001  75.9327 0003513 270.2432 247.6078 15.69806653  4157
STARLINK-3042           
1 49142U 21082N   21274.91667824  .00012445  00000-0  10595-3 0  9991
2 49142  70.0022  76.8637 0003603 280.6067 158.8925 15.69730627  3143
STARLINK-3109           
1 49143U 21082P   21275.25001157  .00442343  00000-0  35540-2 0  9991
2 49143  70.0006  75.9182 0003247 268.3463 256.2539 15.69482498  2949
STARLINK-3100           
1 49144U 21082Q   21275.25001157  .00428354  00000-0  34461-2 0  9999
2 49144  70.0003  75.9132 0003616 269.6476 259.1998 15.69491946  2949
STARLINK-3119           
1 49145U 21082R   21274.91667824  .00059822  00000-0  49959-3 0  9990
2 49145  70.0006  76.8534 0003648 277.5618 172.4991 15.69735241  3142
STARLINK-3116           
1 49146U 21082S   21274.91667824  .00064127  00000-0  53499-3 0  9999
2 49146  70.0009  76.8523 0003530 279.6964 168.2621 15.69742615  3147
STARLINK-3071           
1 49147U 21082T   21275.25001157  .00400858  00000-0  32337-2 0  9991
2 49147  70.0006  75.9157 0003635 269.0563 257.6572 15.69507480  4117
STARLINK-3048           
1 49148U 21082U   21275.08334491 -.00117733  00000-0 -99585-3 0  9991
2 49148  70.0017  76.3794 0003453 278.5554  37.3638 15.69808679  4058
STARLINK-3053           
1 49149U 21082V   21275.08334491 -.00434069  00000-0 -37622-2 0  9999
2 49149  69.9998  76.3762 0004172 275.8037  37.4351 15.70143555  4133
STARLINK-3104           
1 49150U 21082W   21275.08334491 -.00119426  00000-0 -10099-2 0  9997
2 49150  70.0008  76.3736 0003468 278.3382  41.8159 15.69820648  4137
STARLINK-3102           
1 49151U 21082X   21275.08334491 -.00045048  00000-0 -37727-3 0  9994
2 49151  70.0007  76.3760 0003659 277.8571  40.2064 15.69768937  4130
STARLINK-3081           
1 49152U 21082Y   21275.08334491 -.00044157  00000-0 -36961-3 0  9994
2 49152  70.0015  76.3657 0003658 279.6995  46.8092 15.69777133  4056
STARLINK-3072           
1 49153U 21082Z   21274.91667824  .00031094  00000-0  26119-3 0  9993
2 49153  70.0021  76.8398 0003540 277.3434 183.3758 15.69756628  3145
STARLINK-3068           
1 49154U 21082AA  21274.91667824  .00062276  00000-0  51980-3 0  9994
2 49154  70.0022  76.8316 0003602 280.9968 186.1028 15.69738355  3146
STARLINK-3060           
1 49155U 21082AB  21274.91667824  .00009273  00000-0  79307-4 0  9997
2 49155  69.9998  76.8347 0003247 277.7482 185.0821 15.69767516  3140
STARLINK-3085           
1 49156U 21082AC  21274.91667824 -.00015151  00000-0 -12527-3 0  9992
2 49156  70.0006  76.8237 0003408 280.4195 193.0865 15.69767915  3143
STARLINK-3051           
1 49157U 21082AD  21275.08334491  .00425208  00000-0  34402-2 0  9994
2 49157  70.0003  76.3551 0003411 273.7020  57.1619 15.69363665  4020
STARLINK-3083           
1 49158U 21082AE  21274.91667824 -.00007380  00000-0 -60025-4 0  9996
2 49158  70.0013  76.8172 0003318 282.3251 195.3655 15.69778158  3148
STARLINK-3056           
1 49159U 21082AF  21275.25001157  .00044001  00000-0  36882-3 0  9998
2 49159  70.0003  75.8825 0003717 269.7393 284.5133 15.69722540  4047
STARLINK-3095           
1 49160U 21082AG  21274.91667824  .00071951  00000-0  60054-3 0  9993
2 49160  70.0006  76.8141 0003322 281.3464 198.4604 15.69700977  3972
STARLINK-3080           
1 49161U 21082AH  21275.25001157  .00008894  00000-0  76194-4 0  9992
2 49161  70.0016  75.8848 0003432 277.4431 281.2881 15.69750166  4029
STARLINK-3082           
1 49162U 21082AJ  21274.91667824  .00071509  00000-0  59589-3 0  9995
2 49162  70.0007  76.8092 0003664 278.2738 205.8325 15.69740341  3149
STARLINK-3088           
1 49163U 21082AK  21274.91667824 -.00031912  00000-0 -26640-3 0  9994
2 49163  70.0004  76.8119 0003374 280.3940 201.5925 15.69763821  4063
STARLINK-3106           
1 49164U 21082AL  21275.25001157  .00008186  00000-0  70301-4 0  9993
2 49164  70.0002  75.8574 0003704 268.7442 306.7662 15.69742753  4113
STARLINK-3052           
1 49165U 21082AM  21274.91667824 -.00038922  00000-0 -32547-3 0  9997
2 49165  70.0015  76.8088 0003573 278.6634 207.5957 15.69770906  4101
STARLINK-3089           
1 49166U 21082AN  21275.25001157  .00008723  00000-0  74789-4 0  9996
2 49166  70.0002  75.8600 0003908 265.3630 308.0212 15.69742262  4158
STARLINK-3054           
1 49167U 21082AP  21275.25001157  .00092982  00000-0  77393-3 0  9990
2 49167  70.0003  75.8629 0003653 272.7829 298.5006 15.69689650  4155
STARLINK-3101           
1 49168U 21082AQ  21275.25001157  .00028454  00000-0  23948-3 0  9991
2 49168  70.0003  75.8499 0003651 267.3315 314.5627 15.69731692  4151
STARLINK-3046           
1 49169U 21082AR  21274.91667824  .00063409  00000-0  52963-3 0  9991
2 49169  70.0008  76.7984 0003728 277.9157 216.7609 15.69716104  4101
STARLINK-3074           
1 49170U 21082AS  21275.25001157 -.00333870  00000-0 -29130-2 0  9995
2 49170  70.0005  75.8450 0003384 274.8571 313.7130 15.69704089  2959
STARLINK-3107           
1 49171U 21082AT  21275.25001157  .00341465  00000-0  27707-2 0  9991
2 49171  70.0005  75.8529 0003484 265.7330 314.1269 15.69542911  4112
STARLINK-3091           
1 49172U 21082AU  21275.25001157  .00034065  00000-0  28530-3 0  9993
2 49172  70.0012  75.8468 0003648 271.6058 318.8449 15.69805348  2955
STARLINK-3045           
1 49173U 21082AV  21274.91667824 -.00898027  00000-0 -78182-2 0  9990
2 49173  70.0000  76.4700 0003667 275.9145 135.4117 15.71358284  3146
STARLINK-3047           
1 49174U 21082AW  21275.25001157 -.00025672  00000-0 -21376-3 0  9992
2 49174  70.0019  75.8522 0003546 272.0897 314.2942 15.69767272  4120
STARLINK-3087           
1 49175U 21082AX  21275.25001157 -.00181611  00000-0 -15556-2 0  9991
2 49175  70.0005  75.8403 0003291 273.6757 319.0376 15.69703763  2951
STARLINK-3069           
1 49176U 21082AY  21274.91667824  .00064792  00000-0  54179-3 0  9996
2 49176  70.0004  76.7717 0003286 279.3136 238.7669 15.69684691  3149
STARLINK-3103           
1 49177U 21082AZ  21275.25001157 -.00212387  00000-0 -18250-2 0  9992
2 49177  70.0007  75.8379 0003297 274.6294 320.2088 15.69718983  4158
STARLINK-3086           
1 49178U 21082BA  21274.91667824  .00065098  00000-0  54387-3 0  9999
2 49178  70.0023  76.7742 0003465 273.0367 242.9365 15.69704321  4050
STARLINK-3043           
1 49179U 21082BB  21274.91667824  .00066748  00000-0  55830-3 0  9997
2 49179  70.0006  76.7763 0003514 275.7012 238.0894 15.69669095  3146
STARLINK-3050           
1 49180U 21082BC  21275.25001157 -.00484949  00000-0 -42777-2 0  9992
2 49180  70.0009  75.8278 0003440 270.7950 332.5409 15.69872520  4126
STARLINK-3059           
1 49181U 21082BD  21275.08334491  .00053684  00000-0  44893-3 0  9992
2 49181  70.0011  76.2973 0003313 278.5384 105.4597 15.69731780  4096
FALCON 9 DEB            
1 49182U 21082BE  21274.87212865  .02542361  42022-5  67714-3 0  9998
2 49182  69.9827  75.0446 0032688 128.0386 232.3797 16.26461036  2930
FALCON 9 DEB            
1 49183U 21082BF  21274.49056068  .02309855  42171-5  60745-3 0  9999
2 49183  69.9886  76.1325 0027125 131.6890 228.6662 16.27109351  2876
FALCON 9 DEB            
1 49184U 21082BG  21274.95483334  .12303919  44323-5  15733-3 0  9995
2 49184  69.9926  74.5323 0012093 139.1084 221.1061 16.48791193  2952
FALCON 9 DEB            
1 49185U 21082BH  21274.97006058  .03977472  42813-5  58228-3 0  9991
2 49185  69.9924  74.5908 0018269 132.1475 228.1309 16.33748197  2950
ONEWEB-0292             
1 49186U 21083A   21275.25001157 -.01109839  00000-0 -52781-1 0  9997
2 49186  87.3313 322.0531 0017973 242.4967 227.9890 15.22154193  3960
ONEWEB-0303             
1 49187U 21083B   21275.25001157 -.01171732  00000-0 -57858-1 0  9999
2 49187  87.4237 322.1483 0016785 241.5075 319.8273 15.20590896  3951
ONEWEB-0306             
1 49188U 21083C   21275.25001157 -.01148176  00000-0 -53650-1 0  9992
2 49188  87.4297 322.1299 0019626 238.7305  68.8624 15.22814439  3959
ONEWEB-0307             
1 49189U 21083D   21274.91667824 -.01032838  00000-0 -49838-1 0  9994
2 49189  87.3322 322.1765 0015420 238.3390 142.1854 15.21503893  3919
ONEWEB-0320             
1 49190U 21083E   21275.25001157 -.01183742  00000-0 -59610-1 0  9995
2 49190  87.4205 322.1469 0016206 240.7238 296.0143 15.19960083  3953
ONEWEB-0321             
1 49191U 21083F   21275.25001157 -.01108886  00000-0 -51419-1 0  9991
2 49191  87.3334 322.0493 0018873 240.8265 260.5451 15.22982483  3966
ONEWEB-0322             
1 49192U 21083G   21275.25001157 -.01115181  00000-0 -53084-1 0  9998
2 49192  87.3320 322.0518 0017183 244.5528 218.7252 15.22155114  3963
ONEWEB-0324             
1 49193U 21083H   21275.25001157 -.01166618  00000-0 -57377-1 0  9999
2 49193  87.4247 322.1353 0018728 243.0370   1.2197 15.20672811  3954
ONEWEB-0325             
1 49194U 21083J   21275.25001157 -.01182240  00000-0 -59192-1 0  9996
2 49194  87.4199 322.1402 0016524 240.3987 308.3839 15.20147442  3953
ONEWEB-0326             
1 49195U 21083K   21274.91667824 -.00969667  00000-0 -43811-1 0  9994
2 49195  87.4192 322.2448 0019841 236.5137  48.2880 15.23455419  3907
ONEWEB-0327             
1 49196U 21083L   21275.25001157 -.01116900  00000-0 -56690-1 0  9998
2 49196  87.4307 322.1324 0019905 239.6177  30.3817 15.19917331  3955
ONEWEB-0328             
1 49197U 21083M   21274.91667824 -.01047493  00000-0 -48794-1 0  9996
2 49197  87.3344 322.1714 0016250 244.6883 176.1897 15.22719453  3911
ONEWEB-0331             
1 49198U 21083N   21274.91667824  .00023566  00000-0  10244-2 0  9999
2 49198  87.4196 322.2508 0019474 245.0959 346.3161 15.21991826  3909
ONEWEB-0333             
1 49199U 21083P   21274.91667824 -.01038778  00000-0 -49101-1 0  9997
2 49199  87.3360 322.1792 0015613 244.4534 168.2957 15.22215024  3914
ONEWEB-0334             
1 49200U 21083Q   21275.25001157 -.01118998  00000-0 -50913-1 0  9995
2 49200  87.3321 322.0375 0019073 231.8134 308.8721 15.23641075  3977
ONEWEB-0335             
1 49201U 21083R   21274.91667824 -.01039818  00000-0 -52385-1 0  9995
2 49201  87.3311 322.1875 0018701 233.3970  75.3132 15.19986006  3912
ONEWEB-0336             
1 49202U 21083S   21274.91667824 -.01042332  00000-0 -51497-1 0  9994
2 49202  87.3313 322.1826 0016380 233.4749 112.9591 15.20708735  3917
ONEWEB-0337             
1 49203U 21083T   21275.25001157 -.01082037  00000-0 -56326-1 0  9996
2 49203  87.3251 322.0665 0019354 232.8379  85.3218 15.18966474  3962
ONEWEB-0338             
1 49204U 21083U   21274.91667824 -.01048432  00000-0 -48199-1 0  9998
2 49204  87.3353 322.1677 0018420 242.5596 214.2480 15.23118010  3912
ONEWEB-0339             
1 49205U 21083V   21274.91667824 -.01043205  00000-0 -50332-1 0  9994
2 49205  87.3327 322.1757 0016349 236.5864 125.2079 15.21518159  3913
ONEWEB-0340             
1 49206U 21083W   21275.25001157 -.00777689  00000-0 -37291-1 0  9992
2 49206  87.4168 322.1399 0017009 242.8632 332.7342 15.21361596  3950
ONEWEB-0341             
1 49207U 21083X   21275.25001157 -.01178974  00000-0 -56951-1 0  9990
2 49207  87.4217 322.1364 0018217 243.5472   0.7732 15.21324806  3958
ONEWEB-0342             
1 49208U 21083Y   21275.25001157 -.01106968  00000-0 -49874-1 0  9991
2 49208  87.3356 322.0442 0019127 229.9995 322.2489 15.23935233  3974
ONEWEB-0343             
1 49209U 21083Z   21275.25001157 -.01164704  00000-0 -54664-1 0  9997
2 49209  87.4366 322.1438 0019838 238.4825  55.5934 15.22705458  3951
ONEWEB-0344             
1 49210U 21083AA  21274.91667824 -.01047394  00000-0 -52600-1 0  9993
2 49210  87.3278 322.1816 0018349 232.7678  84.9943 15.20123067  3913
ONEWEB-0345             
1 49211U 21083AB  21275.25001157 -.01106876  00000-0 -56519-1 0  9997
2 49211  87.3274 322.0648 0017701 231.4789 122.3775 15.19734619  3966
ONEWEB-0346             
1 49212U 21083AC  21275.25001157 -.01181837  00000-0 -58096-1 0  9990
2 49212  87.4224 322.1398 0017535 244.5346 334.2026 15.20751754  3958
ONEWEB-0348             
1 49213U 21083AD  21275.25001157 -.01114838  00000-0 -50911-1 0  9996
2 49213  87.3363 322.0504 0019224 233.6639 295.7991 15.23502882  3974
ONEWEB-0350             
1 49214U 21083AE  21274.91667824 -.01049317  00000-0 -50619-1 0  9992
2 49214  87.3331 322.1785 0015251 240.9539 144.3512 15.21562195  3911
ONEWEB-0351             
1 49215U 21083AF  21274.91667824 -.01037199  00000-0 -44271-1 0  9995
2 49215  87.3388 322.1567 0016487 223.6019 351.1160 15.25605530  3939
ONEWEB-0352             
1 49216U 21083AG  21274.91667824 -.01042155  00000-0 -50782-1 0  9998
2 49216  87.3325 322.1830 0016027 236.7416 133.2960 15.21185407  3614
ONEWEB-0354             
1 49217U 21083AH  21274.91667824 -.01032893  00000-0 -39783-1 0  9995
2 49217  87.3556 322.1613 0017226 225.3206  33.4412 15.28945323  3939
ONEWEB-0355             
1 49218U 21083AJ  21274.91667824 -.01035878  00000-0 -49243-1 0  9994
2 49218  87.3314 322.1705 0015236 243.5859 155.7399 15.22022340  3918
ONEWEB-0357             
1 49219U 21083AK  21275.25001157 -.01110034  00000-0 -50958-1 0  9997
2 49219  87.3331 322.0437 0018707 236.7968 283.9061 15.23326412  3974
SZ-12 MODULE            
1 49221U 21053C   21274.54382730  .00000383  00000-0  86655-5 0  9996
2 49221  41.5590 354.6032 0004302  14.9295 345.1671 15.60217930  2234
TIANZHOU-3              
1 49222U 21085A   21274.53363095  .00005434  00000-0  65818-4 0  9993
2 49222  41.4715 354.3609 0000947 343.7614  35.0327 15.61378428 24338
CZ-7 R/B                
1 49223U 21085B   21275.24358115  .01836747  77843-5  41899-3 0  9996
2 49223  41.4509 344.5146 0057088 273.1374  86.4819 16.24176805  1925
INSPIRATION4 DEB        
1 49248U 21084B   21274.44086215  .00053801  00000-0  46026-3 0  9996
2 49248  51.6451 173.4421 0006614 329.7580  30.3034 15.68887415  1977
JILIN-01 GAOFEN 2D      
1 49256U 21086A   21275.22427550  .00006684  00000-0  42350-3 0  9998
2 49256  97.5401  21.0088 0010319 249.2203 169.0913 15.09230284   754
KZ-1A R/B               
1 49257U 21086B   21274.82388691  .01531078  21589-5  69362-3 0  9999
2 49257  97.4958  21.0006 0251797  65.2638 297.4632 15.79122614   709
SHIYAN 10 (SY-10)       
1 49258U 21087A   21275.01430473  .00002496  55149-6  20242-3 0  9999
2 49258  51.0823  78.3794 7528578 225.7675 125.5961  2.01057887   112
CZ-3B R/B               
1 49259U 21087B   21273.86331852  .00003645  00000-0  70058-3 0  9999
2 49259  51.4337  78.3240 7491630 225.9369  46.8421  2.03772675   109
LANDSAT 9               
1 49260U 21088A   21274.83508493  .00160666  00000-0  29719-1 0  9990
2 49260  98.2225 343.4449 0011083 323.1783  36.5606 14.64299377   594
2021-088B               
1 49261U 21088B   21274.93984657  .00000495  00000-0  44075-4 0  9990
2 49261  97.6236 342.8911 0022788 236.6889 123.2140 15.00326600   617
2021-088C               
1 49262U 21088C   21274.93938744  .00001418  00000-0  11680-3 0  9998
2 49262  97.6214 342.8898 0022066 236.7339 123.1767 15.00498663   611
CUTE                    
1 49263U 21088D   21274.93650728  .00001882  00000-0  14947-3 0  9996
2 49263  97.6234 342.8895 0017603 233.6836 126.2753 15.01563527   612
2021-088E               
1 49264U 21088E   21274.93625192  .00001346  00000-0  10801-3 0  9994
2 49264  97.6218 342.8897 0017085 234.0931 125.8707 15.01655022   618
